1111111111111111111111111111111111111111111111111111111111111111111111111111111111111111111111111111100011111110001111111111111111100011111111111111111111111111
1111111111111111111111111111111111111111111111111111111111111111111111111111111111111111111111111111100011111110001111111111111111100011111111111111111111111111
1111111111111111111111111111111111111111111111111111111111111111111111111111111111111111111111111111100011111110001111111111111111100011111111111111111111111111
1111111111111111111111111111111111111111111111111111111111111111111111111111111111111111111111111111100011111110001111111111111111100011111111111111111111111111
1111111111111111111111111111111111111111111111111111111111111111111111111111111111111111111111111111100011111110001111111111111111100011111111111111111111111111
1111111111111111111111111111111111111111111111111111111111111111111111111111111111111111111111111111100011111110001111111111111111110001111111111111111111111111
1111111111111111111111111111111111111111111111111111111111111111111111111111111111111111111111111111100011111110001111111111111111110001111111111111111111111111
1111111111111111111111111111111111111111111111111111111111111111111111111111111111111111111111111111100011111110001111111111111111110001111111111111111111111111
1111111111111111111111111111111111111111111111111111111111111111111111111111111111111111111111111111100011111111001111111111111111110001111111111111111111111111
1111111111111111111111111111111111111111111111111111111111111111111111111111111111111111111111111111100011111111001111111111111111110001111111111111111111111111
1111111111111111111111111111111111111111111111111111111111111111111111111111111111111111111111111111100011111111001111111111111111110001111111111111111111111111
1111111111111111111111111111111111111111111111111111111111111111111111111111111111111111111111111111100011111111001111111111111111110001111111111111111111111111
1111111111111111111111111111111111111111111111111111111111111111111111111111111111111111111111111111100011111111001111111111111111110001111111111111111111111111
1111111111111111111111111111111111111111111111111111111111111111111111111111111111111111111111111111100011111111001111111111111111110001111111111111111111111111
1111111111111111111111111111111111111111111111111111111111111111111111111111111111111111111111111111100011111111000111111111111111110001111111111111111111111111
1111111111111111111111111111111111111111111111111111111111111111111111111111111111111111111111111111100011111111000111111111111111110001111111111111111111111111
1111111111111111111111111111111111111111111111111111111111111111111111111111111111111111111111111111110011111111000111111111111111110001111111111111111111111111
1111111111111111111111111111111111111111111111111111111111111111111111111111111111111111111111111111110011111111000111111111111111110001111111111111111111111111
1111111111111111111111111111111111111111111111111111111111111111111111111111111111111111111111111111110011111111000111111111111111110001111111111111111111111111
1111111111111111111111111111111111111111111111111111111111111111111111111111111111111111111111111111110011111111000111111111111111110001111111111111111111111111
1111111111111111111111111111111111111111111111111111111111111111111111111111111111111111111111111111110011111111000111111111111111110001111111111111111111111111
1111111111111111111111111111111111111111111111111111111111111111111111111111111111111111111111111111110011111111000111111111111111110001111111111111111111111111
1111111111111111111111111111111111111111111111111111111111111111111111111111111111111111111111111111110011111111000111111111111111110001111111111111111111111111
1111111111111111111111111111111111111111111111111111111111111111111111111111111111111111111111111111110011111111000111111111111111110001111111111111111111111111
1111111111111111111111111111111111111111111111111111111111111111111111111111111111111111111111111111110011111111000111111111111111110001111111111111111111111111
1111111111111111111111111111111111111111111111111111111111111111111111111111111111111111111111111111110011111111000111111111111111110001111111111111111111111111
1111111111111111111111111111111111111111111111111111111111111111111111111111111111111111111111111111110011111111000111111111111111110001111111111111111111111111
1111111111111111111111111111111111111111111111111111111111111111111111111111111111111111111111111111110001111111000111111111111111110001111111111111111111111111
1111111111111111111111111111111111111111111111111111111111111111111111111111111111111111111111111111110001111111000111111111111111110001111111111111111111111111
1111111111111111111111111111111111111111111111111111111111111111111111111111111111111111111111111111110001111111000111111111111111110001111111111111111111111111
1111111111111111111111111111111111111111111111111111111111111111111111111111111111111111111111111111110001111111000111111111111111111000111111111111111111111111
1111111111111111111111111111111111111111111111111111111111111111111111111111111111111111111111111111110001111111000111111111111111111000111111111111111111111111
1111111111111111111111111111111111111111111111111111111111111111111111111111111111111111111111111111100001111111000111111111111111111000111111111111111111111111
1111111111111111111111111111111111111111111111111111111111111100000000000000000000000000000000000000000001111111000111111111111111111000111111111111111111111111
1111111111111111111111111111111111111111111111111111111111111100000000000000000000000000000000000000000001111111000111111111111111111000111111111111111111111111
1111111111111111111111111111111111111111111111111111111111111100000000000000000000000000000000000000000001111111000111111111111111111000111111111111111111111111
1111111111111111111111111111111111111111111111111111111111111100000000000000000000000000000000000000000001111111000111111111111111111000111111111111111111111111
1111111111111111111111111111111111111111111111111111111111111100000000000000000000000000000000000000000001111111000111111111111111111000111111111111111111111111
1111111111111111111111111111111111111111111111111111111111111100000000000000000000000000000000000000000001111111000111111111111111111000111111111111111111111111
1111111111111111111111111111111111111111111111111111111111111100000000000000000000000000000000000000000001111111000111111111111111111000111111111111111111111111
1111111111111111111111111111111111111111111111111111111111111100000000000000000000000000000000000000000001111111000111111111111111111000111111111111111111111111
1111111111111111111111111111111111111111111111111111111111111100000000000000000000000000000000000000000001111111000111111111111111111000111111111111111111111111
1111111111111111111111111111111111111111111111111111111111111100000000000000000000000000000000000000000001111111000111111111111111111000111111111111111111111111
1111111111111111111111111111111111111111111111111111111111111100000000000000000000000000000000000000000001111111100111111111111111111000111111111111111111111111
1111111111111111111111111111111111111111111111111111111111111100000000000000000000000000000000000000000001111111100111111111111111111000111111111111111111111111
1111111111111111111111111111111111111111111111111111111111111100000000000000000000000000000000000000000001111111100111111111111111111000111111111111111111111111
1111111111111111111111111111111111111111111111111111111111111100000000000000000000000000000000000000000001111111100111111111111111111000111111111111111111111111
1111111111111111111111111111111111111111111111111111111111111100000000000000000000000000000000000000000001111111100111111111111111111000111111111111111111111111
1111111111111111111111111111111111111111111111111111111111111100000000000000000000000000000000000000000001111111100111111111111111111000111111111111111111111111
1111111111111111111111111111111111111111111111111111111111111100000000011111111111111110000000000000000001111111100011111111111111111000111111111111111111111111
1111111111111111111111111111111111111111111111111111111111111100000000011111111111111110000000000000000001111111100011111111111111111000111111111111111111111111
1111111111111111111111111111111111111111111111111111111111111100000000011111111111111110000000000000000001111111100011111111111111111000111111111111111111111111
1111111111111111111111111111111111111111111111111111111111111100000000011111111111111110000000000000000001111111100011111111111111111000011111111111111111111111
1111111111111111111111111111111111111111111111111111111111111100000000011111111111111110000000000000000001111111100011111111111111111100011111111111111111111111
1111111111111111111111111111111111111111111111111111111111111100000000011111111111111110000000000000000001111111100011111111111111111100011111111111111111111111
1111111111111111111111111111111111111111111111111111111111111100000000011111111111111110000000000000000001111111100011111111111111111100011111111111111111111111
1111111111111111111111111111111111111111111111111111111111111100000000011111111111111110000000000000000001111111100011111111111111111100011111111111111111111111
1111111111111111111111111111111111111111111111111111111111111100000000011111111111101100000000000000000001111111100011111111111111111100011111111111111111111111
1111111111111111111111111111111111111111111111111111111111111100000000000000000000000000111111110000000001111111100011111111111111111100011111111111111111111111
1111111111111111111111111111111111111111111111111111111111111100000000000000000000000000111111110000000001111111100011111111111111111100011111111111111111111111
1111111111111111111111111111111111111111111111111111111111111100000000000000000000000000111111110000000001111111100011111111111111111100011111111111111111111111
1111111111111111111111111111111111111111111111111111111111111100000000000000000000000000111111110000000001111111100011111111111111111100011111111111111111111111
1111111111111111111111111111111111111111111111111111111111111100000000000000000000000000111111110000000000111111100011111111111111111100011111111111111111111111
1111111111111111111111111111111111111111111111111111111111111100000000000000000000000000111111110000000000111111100011111111111111111100011111111111111111111111
1111111111111111111111111111111111111111111111111111111111111100000000000000000000000000111111110000000000111111100011111111111111111100011111111111111111111111
1111111111111111111111111111111111111111111111111111111111111100000000000000000000000000111111110000000000111111100011111111111111111100011111111111111111111111
1111111111111111111111111111111111111111111111111111111111111100000000000000000000000000000000000000000000111111100011111111111111111100011111111111111111111111
1111111111111111111111111111111111111111111111111111111111111100000000000000000000000000000000000000000000111111100011111111111111111100011111111111111111111111
1111111111111111111111111111111111111111111111111111111111111100000000000000000000000000000000000000000000111111100011111111111111111100011111111111111111111111
1111111111111111111111111111111111111111111111111111111111111100000000000000000000000000000000000000000000111111100011111111111111111100011111111111111111111111
1111111111111111111111111111111111111111111111111111111111111100000000000000000000000000000000000000000000111111100011111111111111111100011111111111111111111111
1111111111111111111111111111111111111111111111111111111111111100000000000000000000000000000000000000000000111111100011111111111111111100011111111111111111111111
1111111111111111111111111111111111111111111111111111111111111100000000000000000000000000000000000000000000111111100011111111111111111100011111111111111111111111
1111111111111111111111111111111111111111111111111111111111111100000000000000000000000000000000000000000000111111100011111111111111111100011111111111111111111111
1111111111111111111111111111111111111111111111111111111111111100000000000000000000000000000000000000000000111111100011111111111111111100011111111111111111111111
1111111111111111111111111111111111111111111111111111111111111111111111111111111111111111111111111111111000111111100011111111111111111100011111111111111111111111
1111111111111111111111111111111111111111111111111111111111111111111111111111111111111111111111111111111000111111100011111111111111111100011111111111111111111111
1111111111111111111111111111111111111111111111111111111111111111111111111111111111111111111111111111111000111111100011111111111111111100011111111111111111111111
1111111111111111111111111111111111111111111111111111111111111111111111111111111111111111111111111111111000111111100011111111111111111100011111111111111111111111
1111111111111111111111111111111111111111111111111111111111111111111111111111111111111111111111111111111000111111100011111111111111111100011111111111111111111111
1111111111111111111111111111111111111111111111111111111111111111111111111111111111111111111111111111111000111111110011111111111111111110001111111111111111111111
1111111111111111111111111111111111111111111111111111111111111111111111111111111111111111111111111111111000111111110011111111111111111110001111111111111111111111
1111111111111111111111111111111111111111111111111111111111111111111111111111111111111111111111111111111000111111110001111111111111111110001111111111111111111111
1111111111111111111111111111111111111111111111111111111111111111111111111111111111111111111111111111111000111111110001111111111111111110001111111111111111111111
1111111111111111111111111111111111111111111111111111111111111111111111111111111111111111111111111111111000111111110001111111111111111110001111111111111111111111
1111111111111111111111111111111111111111111111111111111111111111111111111111111111111111111111111111111000111111110001111111111111111110001111111111111111111111
1111111111111111111111111111111111111111111111111111111111111111111111111111111111111111111111111111111000111111110001111111111111111110001111111111111111111111
1111111111111111111111111111111111111111111111111111111111111111111111111111111111111111111111111111111000111111110001111111111111111110001111111111111111111111
1111111111111111111111111111111111111111111111111111111111111111111111111111111111111111111111111111111000111111110001111111111111111110001111111111111111111111
1111111111111111111111111111111111111111111111111111111111111111111111111111111111111111111111111111111000111111110001111111111111111110001111111111111111111111
1111111111111111111111111111111111111111111111111111111111111111111111111111111111111111111111111111111000111111110001111111111111111110001111111111111111111111
1111111111111111111111111111111111111111111111111111111111111111111111111111111111111111111111111111111000111111110001111111111111111110001111111111111111111111
1111111111111111111111111111111111111111111111111111111111111111111111111111111111111111111111111111111000111111110001111111111111111110001111111111111111111111
1111111111111111111111111111111111111111111111111111111111111111111111111111111111111111111111111111111000111111110001111111111111111110001111111111111111111111
1111111111111111111111111111111111111111111111111111111111111111111111111111111111111111111111111111111000111111110001111111111111111110001111111111111111111111
1111111111111111111111111111111111111111111111111111111111111111111111111111111111111111111111111111111000111111110001111111111111111110001111111111111111111111
1111111111111111111111111111111111111111111111111111111111111111111111111111111111111111111111111111111000111111110001111111111111111110001111111111111111111111
1111111111111111111111111111111111111111111111111111111111111111111111111111111111111111111111111111111000111111110001111111111111111110001111111111111111111111
1111111111111111111111111111111111111111111111111111111111111111111111111111111111111111111111111111111000111111110001111111111111111110001111111111111111111111
1111111111111111111111111111111111111111111111111111111111111111111111111111111111111111111111111111111000111111110001111111111111111110001111111111111111111111
1111111111111111111111111111111111111111111111111111111111111111111111111111111111111111111111111111111000111111110001111111111111111110001111111111111111111111
1111111111111111111111111111111111111111111111111111111111111111111111111111111111111111111111111111111000111111110001111111111111111110001111111111111111111111
1111111111111111111111111111111111111111111111111111111111111111111111111111111111111111111111111111111000111111110001111111111111111110001111111111111111111111
1111111111111111111111111111111111111111111111111111111111111111111111111111111111111111111111111111111000111111110001111111111111111110001111111111111111111111
1111111111111111111111111111111111111111111111111111111111111111111111111111111111111111111111111111111100111111110001111111111111111110000111111111111111111111
1111111111111111111111111111111111111111111111111111111111111111111111111111111111111111111111111111111100111111110001111111111111111110000111111111111111111111
1111111111111111111111111111111111111111111111111111111111111111111111111111111111111111111111111111111100111111110001111111111111111111000111111111111111111111
1111111111111111111111111111111111111111111111111111111111111111111111111111111111111111111111111111111100111111110001111111111111111111000111111111111111111111
1111111111111111111111111111111111111111111111111111111111111111111111111111111111111111111111111111111100111111110001111111111111111111000111111111111111111111
1111111111111111111111111111111111111111111111111111111111111111111111111111111111111111111111111111111100111111110001111111111111111111000111111111111111111111
1111111111111111111111111111111111111111111111111111111111111111111111111111111111111111111111111111111100111111110001111111111111111111000111111111111111111111
1111111111111111111111111111111111111111111111111111111111111111111111111111111111111111111111111111111100111111110001111111111111111111000111111111111111111111
1111111111111111111111111111111111111111111111111111111111111111111111111111111111111111111111111111111100011111111001111111111111111111000111111111111111111111
1111111111111111111111111111111111111111111111111111111111111111111111111111111111111111111111111111111100011111111001111111111111111111000111111111111111111111
1111111111111111111111111111111111111111111111111111111111111111111111111111111111111111111111111111111100011111111001111111111111111111000111111111111111111111
1111111111111111111111111111111111111111111111111111111111111111111111111111111111111111111111111111111100011111111001111111111111111111000111111111111111111111
1111111111111111111111111111111111111111111111111111111111111111111111111111111111111111111111111111111100011111111001111111111111111111000111111111111111111111
1111111111111111111111111111111111111111111111111111111111111111111111111111111111111111111111111111111100011111111001111111111111111111000111111111111111111111
1111111111111111111111111111111111111111111111111111111111111111111111111111111111111111111111111111111100011111111000111111111111111111000111111111111111111111
1111111111111111111111111111111111111111111111111111111111111111111111111111111111111111111111111111111100011111111000111111111111111111000111111111111111111111








































