0001111111111111111111111111110001111111111111111100011111110000111111111111111111111111111111111111000000000000000000000000000000000000000000000000000000000000
0001111111111111111111111111110001111111111111111100011111110000111111111111111111111111111111110111000000000000000000000000000000000000000000000000000000000000
0001111111111111111111111111110001111111111111111100011111110000111111111111111111111111111111111111000000000000000000000000000000000000000000000000000000000000
0001111111111111111111111111110001111111111111111100011111110000111111111111111111111111111111111111000000000000000000000000000000000000000000000000000000000000
0001111111111111111111111111110001111111111111111100011111110000111111111111111111111111111111111111000000000000000000000000000000000000000000000000000000000000
0001111111111111111111111111110001111111111111111100011111110000111111111111111111111111111111111111000000000000000000000000000000000000000000000000000000000000
0011111111111111111111111111110001111111111111111100011111110000111111111111111111111111111111111111000000000000000000000000000000000000000000000000000000000000
0011111111111111111111111111110001111111111111111100011111110000111111111111111111111111111111111111000000000000000000000000000000000000000000000000000000000000
0011111111111111111111111111110001111111111111111100011111110000111111111111111111111111111111111111100000000000000000000000000000000000000000000000000000000000
0011111111111111111111111111110001111111111111111100011111110000111111111111111111111111111111111111100000000000000000000000000000000000000000000000000000000000
0011111111111111111111111111110001111111111111111100011111110000111111111111111111111111111111111111100000000000000000000000000000000000000000000000000000000000
0011111111111111111111111111110001111111111111111100011111110000111111111111111111111111111111111111100000000000000000000000000000000000000000000000000000000000
0011111111111111111111111111110001111111111111111100011111110000111111111111111111111111111111111111100000000000000000000000000000000000000000000000000000000000
0011111111111111111111111111110001111111111111111100011111110000111111111111111111111111111111111111000000000000000000000000000000000000000000000000000000000000
0011111111111111111111111111110001111111111111111100011111110000111111111111111111111111111111111111000000000000000000000000000000000000000000000000000000000000
0011111111111111111111111111110001111111111111111100011111110000111111111111111111111111111111111111100000000010000000000000000000000000000000000000000000000000
0011111111111111111111111111110011111111111111111100011111110000111111111111111111111111111111111111100001010000000000000000000000000000000000000000000000000000
0011111111111111111111111111110011111111111111111100011111110000111111111111111111111111111111111111100001010000000000000000000000000000000000000000000000000000
0011111111111111111111111111110011111111111111111100011111110000111111111111111111111111111111111111100001010000000000000000000000000000000000000000000000000000
0011111111111111111111111111110011111111111111111100011111110000111111111111111111111111111111111111100001010000000000000000000000000000000000000000000000000000
0011111111111111111111111111110011111111111111111100011111110000111111111111111111111111111111111111100001000000000000000000000000000000000000000000000000000000
0011111111111111111111111111110011111111111111111100011111110000111111111111111111111111111111111111100001000000000000000000000000000000000000000000000000000000
0011111111111111111111111111110011111111111111111100011111110000111111111111111111111111111111111111100001000000000000000000000000000000000000000000000000000000
0011111111111111111111111111110011111111111111111100011111110000111111111111111111111111111111111111100001000000000000000000000000000000000000000000000000000000
0011111111111111111111111111110011111111111111111100011111110000111111111111111111111111111111111111100000000000000000000000000000000000000000000000000000000000
0111111111111111111111111111110011111111111111111100011111110000111111111111111111111111111111111111100000010000000000000000000000000000000000000000000000000000
0111111111111111111111111111110011111111111111111100011111110000111111111111111111111111111111111111100000110000000000000000000000000000000000000000000000000000
0111111111111111111111111111110011111111111111111100011111110000111111111111111111111111111111111111100000110000000000000000000000000000000000000000000000000000
1111111111111111111111111111110011111111111111111100011111110000111111111111111111111111111111111111100000000000000000000000000000000000000000000000000000000000
1111111111111111111111111111110011111111111111111100011111110000111111111111111111111111111111111111100000000000000000000000000000000000000000000000000000000000
1111111111111111111111111111110011111111111111111100011111110000111111111111111111111111111111111111100000100000000000000000000000000000000000000000000000000000
1111111111111111111111111111110011111111111111111100011111110000111111111111111111111111111111111111100000100000000000000000000000000000000000000000000000000000
1111111111111111111111111111110011111111111111111100011111110000111111000000000000000000000000000000000001000100000000000000000000000000000000000000000000000000
1111111111111111111111111111110011111111111111111100011111110000000000000000000000000000000000000000000001000000000000000000000000000000000000000000000000000000
1111111111111111111111111111110011111111111111111100011111110000000000000000000000000000000000000000000000000000000000000000000000000000000000000000000000000000
1111111111111111111111111111110011111111111111111100011111110000000000000000000000000000000000000000000000000000000000000000000000000000000000000000000000000000
1111111111111111111111111111110011111111111111111100011111110000000000000000000000000000000000000000000000110100000000000000000000000000000000000000000000000000
1111111111111111111111111111110011111111111111111100011111110000000000000000000000000000000000000000000000111100000000000000000000000000000000000000000000000000
1111111111111111111111111111110011111111111111111100011111110000000000000000000000000000000000000000000000111100000000000000000000000000000000000000000000000000
1111111111111111111111111111110011111111111111111100011111110000000000000000000000000000000000000000000000110100000000000000000000000000000000000000000000000000
1111111111111111111111111111110011111111111111111100011111110000000000000000000000000000000000000000000000101000000000000000000000000000000000000000000000000000
1111111111111111111111111111110011111111111111111100011111110000000000000000000000000000000000000000000000001000000000000000000000000000000000000000000000000000
1111111111111111111111111111110011111111111111111100011111110000000000000000000000000000000000000000000000001000000000000000000000000000000000000000000000000000
1111111111111111111111111111110011111111111111111100011111110000000000000000000000000000000000000000000000001000000000000000000000000000000000000000000000000000
1111111111111111111111111111110011111111111111111100011111110000000000000000000000000000000000000000000000100000000000000000000000000000000000000000000000000000
1111111111111111111111111111110011111111111111111100011111110000000000000000000000000000000000000000000000000000000000000000000000000000000000000000000000000000
1111111111111111111111111111110011111111111111111100011111110000000000000000000000000000000000000000000000000000000000000000000000000000000000000000000000000000
1111111111111111111111111111110011111111111111111100011111110000000000000000000000000000000000000000000000000000000000000000000000000000000000000000000000000000
1111111111111111111111111111110011111111111111111100011111110000000000000000000000000000000000000000000000000000000000000000000000000000000000000000000000000000
1111111111111111111111111111110011111111111111111100011111110000000000000000000000000000000000000000000000100000000000000000000000000000000000000000000000000000
1111111111111111111111111111110011111111111111111100011111110000000000011111111111111110000000000000000000100001000000000000000000000000000000000000000000000000
1111111111111111111111111111110011111111111111111100011111110000000000011111111111111110000000000000000000100001000000000000000000000000000000000000000000000000
1111111111111111111111111111110011111111111111111100011111110000000000011111111111111110000000000000000000100000000000000000000000000000000000000000000000000000
1111111111111111111111111111110011111111111111111100011111110000000000011111111111110110000000000000000000000000000000000000000000000000000000000000000000000000
1111111111111111111111111111110111111111111111111100011111110000000000011111111111111110000000000000000000000000000000000000000000000000000000000000000000000000
1111111111111111111111111111110111111111111111111100011111110000000000011111111111111110000000000000000000100000000000000000000000000000000000000000000000000000
1111111111111111111111111111110111111111111111111100011111110000000000011111111111111010000000000000000000110000000000000000000000000000000000000000000000000000
1111111111111111111111111111110111111111111111111100011111110000000000000000000000000000000000000000000000100000000000000000000000000000000000000000000000000000
1111111111111111111111111111110111111111111111111100011111110000000000000000000000000000001000000000000000000000000000000000000000000000000000000000000000000000
1111111111111111111111111111110111111111111111111100011111110000000000000000000000000000111100000000000000000000000000000000000000000000000000000000000000000000
1111111111111111111111111111110111111111111111111100011111110000000000000000000000000000001000000000000000100000000000000000000000000000000000000000000000000000
1111111111111111111111111111110111111111111111111100011111110000000000000000000000000000001000000000000000100000000000000000000000000000000000000000000000000000
1111111111111111111111111111110111111111111111111100011111110000000000000000000000000000111000000000000000000000000000000000000000000000000000000000000000000000
1111111111111111111111111111110111111111111111111100011111110000000000000000000000000000000000000000000000000000000000000000000000000000000000000000000000000000
1111111111111111111111111111111111111111111111111100011111110000000000000000000000000000000000000000000000100000000000000000000000000000000000000000000000000000
1111111111111111111111111111111111111111111111111100011111110000000000000000000000000000000000000000000000100000000000000000000000000000000000000000000000000000
1111111111111111111111111111111111111111111111111100011111110000000000000000000000000000000000000000000000010000000000000000000000000000000000000000000000000000
1111111111111111111111111111111111111111111111111100011111110000000000000000000000000000000000000000000000011000000000000000000000000000000000000000000000000000
1111111111111111111111111111111111111111111111111100011111110000000000000000000000000000000000000000000000010000000000000000000000000000000000000000000000000000
1111111111111111111111111111111111111111111111111100011111110000000000000000000000000000000000000000000000010000000000000000000000000000000000000000000000000000
1111111111111111111111111111111111111111111111111100011111110000000000000000000000000000000000000000000000010000000000000000000000000000000000000000000000000000
1111111111111111111111111111110111111111111111111100011111110000000000000000000000000000000000000000000000010000000000000000000000000000000000000000000000000000
1111111111111111111111111111110111111111111111111100011111110000000000000000000000000000000000000000000000010000000000000000000000000000000000000000000000000000
1111111111111111111111111111110111111111111111111100011111110000000000000000000000000000000000000000000000011000000000000000000000000000000000000000000000000000
1111111111111111111111111111110111111111111111111100011111110000000000000000000000000000000000000000000000111100000000000000000000000000000000000000000000000000
1111111111111111111111111111110111111111111111111100011111110000111111111111111111111111111111111111000000000000000000000000000000000000000000000000000000000000
1111111111111111111111111111110111111111111111111100011111110000111111111111111111111111111111111111110000010101000000000000000000000000000000000000000000000000
1111111111111111111111111111100111111111111111111100011111110000111111111111111111111111111111111111110000011100000000000000000000000000000000000000000000000000
1111111111111111111111111111100111111111111111111100011111110000111111111111111111111111111111111111110000010000000000000000000000000000000000000000000000000000
1111111111111111111111111111100111111111111111111100011111110000111111111111111111111111111111111111110000111110000000000000000000000000000000000000000000000000
1111111111111111111111111111100111111111111111111100011111110000111111111111111111111111111111111111110000010000000000000000000000000000000000000000000000000000
1111111111111111111111111111100111111111111111111100011111110000111111111111111111111111111111111111110000010000000000000000000000000000000000000000000000000000
1111111111111111111111111111100111111111111111111100011111110000111111111111111111111111111111111111110000010000000000000000000000000000000000000000000000000000
1111111111111111111111111111100111111111111111111100011111110000111111111111111111111111111111111111110000011000000000000000000000000000000000000000000000000000
1111111111111111111111111111100111111111111111111100011111110000111111111111111111111111111111111111110000011000000000000000000000000000000000000000000000000000
1111111111111111111111111111100111111111111111111100011111110000111111111111111111111111111111111111110000011000000000000000000000000000000000000000000000000000
1111111111111111111111111111100111111111111111111100011111110000111111111111111111111111111111111111110000011000000000000000000000000000000000000000000000000000
1111111111111111111111111111100111111111111111111100011111110000111111111111111111111111111111111111110000011000000000000000000000000000000000000000000000000000
1111111111111111111111111111100111111111111111111000011111110000111111111111111111111111111111111111110000010000000000000000000000000000000000000000000000000000
1111111111111111111111111111100111111111111111111000011111110000111111111111111111111111111111111111110000010100000000000000000000000000000000000000000000000000
1111111111111111111111111111100111111111111111111000011111110000111111111111111111111111111111111111110000011100000000000000000000000000000000000000000000000000
1111111111111111111111111111100111111111111111111000011111110000111111111111111111111111111111111111110000011000000000000000000000000000000000000000000000000000
1111111111111111111111111111000111111111111111111000011111110000111111111111111111111111111111111111110000011000000000000000000000000000000000000000000000000000
1111111111111111111111111111000111111111111111111000011111110000111111111111111111111111111111111111110000011000000000000000000000000000000000000000000000000000
1111111111111111111111111111000111111111111111111000011111110000111111111111111111111111111111111111110000011000000000000000000000000000000000000000000000000000
1111111111111111111111111111000111111111111111111000011111110000111111111111111111111111111111111111110000011000000000000000000000000000000000000000000000000000
1111111111111111111111111111000111111111111111111000011111110000111111111111111111111111111111111111110000001000000000000000000000000000000000000000000000000000
1111111111111111111111111111000111111111111111111000011111110000111111111111111111111111111111111111110000000000000000000000000000000000000000000000000000000000
1111111111111111111111111111000111111111111111111000011111110000111111111111111111111111111111111111110000000000000000000000000000000000000000000000000000000000
1111111111111111111111111111000111111111111111111000011111110000111111111111111111111111111111111111111000010000000000000000000000000000000000000000000000000000
1111111111111111111111111111000111111111111111111000011111110000111111111111111111111111111111111111111000010000000000000000000000000000000000000000000000000000
1111111111111111111111111111000111111111111111111000011111110000111111111111111111111111111111111111111000010000000000000000000000000000000000000000000000000000
1111111111111111111111111111000111111111111111111000011111110000111111111111111111111111111111111111111000010000000000000000000000000000000000000000000000000000
1111111111111111111111111111000111111111111111111000011111110000111111111111111111111111111111111111111000010000000000000000000000000000000000000000000000000000
1111111111111111111111111111000111111111111111111000011111110000111111111111111111111111111111111111111000010000000000000000000000000000000000000000000000000000
1111111111111111111111111111000111111111111111111000011111110000111111111111111111111111111111111111111000010000000000000000000000000000000000000000000000000000
1111111111111111111111111111000111111111111111111000011111110000111111111111111111111111111111111111111000010000000000000000000000000000000000000000000000000000
1111111111111111111111111111000111111111111111111000011111110000111111111111111111111111111111111111111000010000000000000000000000000000000000000000000000000000
1111111111111111111111111111000111111111111111111000011111110000111111111111111111111111111111111111111000010000000000000000000000000000000000000000000000000000
1111111111111111111111111111000111111111111111111000011111110000111111111111111111111111111111111111111000010001000000000000000000000000000000000000000000000000
1111111111111111111111111111000111111111111111111000011111110000111111111111111111111111111111111111111000010001000000000000000000000000000000000000000000000000
1111111111111111111111111111000111111111111111111000011111110000111111111111111111111111111111111111111000010001000000000000000000000000000000000000000000000000
1111111111111111111111111111000111111111111111111000011111110000111111111111111111111111111111111111111000011111000000000000000000000000000000000000000000000000
1111111111111111111111111111000111111111111111111000011111110000111111111111111111111111111111111111111000011100000000000000000000000000000000000000000000000000
1111111111111111111111111111000111111111111111111000011111110000111111111111111111111111111111111111111000011100000000000000000000000000000000000000000000000000
1111111111111111111111111111000111111111111111111000011111110000111111111111111111111111111111111111111000011100000000000000000000000000000000000000000000000000
1111111111111111111111111111000111111111111111111000011111110000111111111111111111111111111111111111111000011100000000000000000000000000000000000000000000000000
1111111111111111111111111111000111111111111111111000011111110000111111111111111111111111111111111111111000001000000000000000000000000000000000000000000000000000
1111111111111111111111111111000111111111111111111000011111110000111111111111111111111111111111111111111000001100000000000000000000000000000000000000000000000000
1111111111111111111111111111000111111111111111111000011111110000111111111111111111111111111111111111111000001100000000000000000000000000000000000000000000000000








































