0000000101010101010101111111111111111111111111111111111111111111111111111111111111111111111111111111111111111111111111111111111111111111110101010101010000000000
0000000101010101010101010111111111111111111111111111111111111111111111111111111111111111111111111111111111111111111111111111111111111111111101010101010000000000
0000000101010101010101111101111111111111111111111111111111111111111111111111111111111111111111111111111111111111111111111111111111111111111101010101010000000000
0000000101010101010101011111111111111111111111111111111111111111111111111111111111111111111111111111111111111111111111111111111111111111111111010101010000000000
0000000101010101010101011111111111111111111111111111111111111111111111111111111111111111111111111111111111111111111111111111111111111111111101010101010000000000
0000000101010101010101111111111111111111111111111111111111111111111111111111111111111111111111111111111111111111111111111111111111111111111101010101010100000000
0000010101010101010101111111111111111111111111111111111111111111111111111111111111111111111111111111111111111111111111111111111111111111111111010101010100000000
0000010101010101010111111111111111111111111111111111111111111111111111111111111111111111111111111111111111111111111111111111111111111111111111010101010101000000
0000000101010101010101111111111111111111111111111111111111111111111111111111111111111111111111111111111111111111111111111111111111111111111111110101010100000000
0000010101010101010101011111111111111111111111111111111111111111111111111111111101110111010101010101010111111111111111111111111111111111111111111101010100000000
0000010101010101111111111111111111111111110101010101010101010000000000000000000000000000000000000000000001111111111111111111111111111111111111110101010100000000
0000010101010101111111111111110000000000000000000000000000000000000000000000000000000000000000000000000001111111111111111111111111111111111111110101010100000000
0000010101010101111111111111110000000000000000000000000000000000000000000000000000000000000000000000000001111111111111111111111111111111111111111101010101010000
0000010101010101111111111111110000000000000000000000000000000000000000000000000000000000000000000000000001111111111111111111111111111111111111111101010101010000
0000010101010101010111111111110000000000000000000000000000000000000000000000000000000000000000000000000001111111111111111111111111111111111111111101010101000000
0000010101110101111111111111110000000000000000000000000000000000000000000000000000000000000000000000000001111111111111111111111111111111111111111111010101010000
0000010101010101111111111111100000000000000000000000000000000000000000000000000000000000000000000000000001111111111111111111111111111111111111111111010101010000
0000010101011101111111111111100000000000000000000000000000000000000000000000000000000000000000000000000001111111111111111111111111111111111111111101010101010000
0000010101010111111111111111100000000000000000000000000000000000000000000000000000000000000000000000000001111111111111111111111111111111111111111111010101010000
0000011101110111111111111111100000000000000000000000000000000000000000000000000000000000000000000000000001111111111111111111111111111111111111111111010101010000
0000111101011111111111111111100000000000000000000000000000010101111111111111111111111000000000000000000001111111111111111111111111111111111111111111010101010000
0000111101111111111111111111100000000000000000000000000000111111111111111111111111111100000000000000000001111111111111111111111111111111111111111111010101010000
0000111101111111111111111111100000000000000000000000000000111111111111111111111111111100000000000000000001111111111111111111111111111111111111111111111101010000
0000111101111111111111111111100000000000000000000000000000111111111111111111111111111100000000000000000001111111111111111111111111111111111111111111110111010000
0000111101111111111111111111100000000000000000000000000000111111111111111111111111111100000000000000000001111111111111111111111111111111111111111111111101010000
0000111111111111111111111111100000000000000000000000000000111111111111111111111111111100000000000000000001111111111111111111111111111111111111111111110111010000
0000111101111111111111111111100000000000000000000000000000111111111111111111111111111100000000000000000001111111111111111111111111111111111111111111111101010000
0000111111111111111111111111100000000000000000000000000000111111111111111111111111111100000000000000000001111111111111111111111111111111111111111111111111110100
0000111101111111111111111111100000000000000000000000000000010101010000000000111111111100000000000000000001111111111111111111111111111111111111111111111111010100
0000111111111111111111111111100000000000000000000000000100000000000000000000011111111111111111000000000001111111111111111111111111111111111111111111111111010100
0000111101111111111111111111100000000000000000000111111110000000000000000000011111111111111111100000000001111111111111111111111111111111111111111111111111010100
0000111111111111111111111111100000000000000000000111111110000000000000000000011111111111111111100000000001111111111111111111111111111111111111111111111101010100
0000111111111111111111111111100000000000000000000111111110000000000000000000011111111111111111100000000001111111111111111111111111111111111111111111111111010100
0000111101111111111111111111100000000000000000000111111110000000000000000000011111111111111111100000000001111111111111111111111111111111111111111111111101110101
0000111101111111111111111111100000000000000000000111111110000000000000000000011111111111111111100000000000111111111111111111111111111111111111111111111111010101
0000111111111111111111111111100000000000000000000111111110000000000000000000011111111111111111100000000000111111111111111111111111111111111111111111111111010101
0000111111111111111111111111100000000000000000000111111110000000000000000000011111111111111111100000000000111111111111111111111111111111111111111111111111010101
0000111111111111111111111111100000000000000000000111111111000000000000000000011111111110000000000000000000111111111111111111111111111111111111111111111111011100
0000111111111111111111111111100000000000000000011111111111010101010000000000011111111100000000000000000000111111111111111111111111111111111111111111111111010101
0000111111111111111111111111100000000000111111111111111111111111110000000000011111111100000000000000000000111111111111111111111111111111111111111111111111010101
0000111101111111111111111111100000000001111111111111111111111111111000000000011111111100000000000000000000111111111111111111111111111111111111111111111101010101
0000111101111111111111111111100000000001111111111111111111111111111000000000011111111100000000000000000000111111111111111111111111111111111111111111111111110101
0000111111111111111111111111100000000001111111111111111111111111111000000000011111111100000000000000000000111111111111111111111111111111111111111111110111010101
0000111101111111111111111111000000000001111111111111111111111111111000000000011111111100000000000000000000111111111111111111111111111111111111111111110111010101
0000111101111111111111111111100000000001111111111111111111111111111000000000011111111100000000000000000000111111111111111111111111111111111111111111111101010101
0000111101111111111111111111100000000001111111111111111111111111111000000000011111111100000000000000000000111111111111111111111111111111111111111111111101010101
0000111101111111111111111111100000000001111111111111111111111111111000000000011111111100000000000000000000111111111111111111111111111111111111111111111111010101
0000111101111111111111111111000000000001111111111111111111111111111000000000011111111111111111100000000000111111111111111111111111111111111111111111111111010101
0000111101111111111111111111000000000001111111111111111111111111111000000000011111111111111111110000000000111111111111111111111111111111111111111111111111010101
0000111111111111111111111111000000000001111111111111111111111111111000000000011111111111111111110000000000111111111111111111111111111111111111111111111111010101
0000111101111111111111111111100000000001111111111111111111111111111000000000011111111111111111110000000000111111111111111111111111111111111111111111111101010101
0000111101111111111111111111100000000001111111111111111111111111111000000000011111111111111111110000000000111111111111111111111111111111111111111111111101010101
0000111101111111111111111111000000000001111111111111111111111111111000000000011111111111111111110000000000111111111111111111111111111111111111111111111101010101
0000111101111111111111111111000000000001111111111111111111111111111000000000011111111111111111110000000000111111111111111111111111111111111111111111111101010101
0000111101111111111111111111000000000001111111111111111111111111111000000000011111111111111111110000000000111111111111111111111111111111111111111111111101010101
0000011101111111111111111111000000000001111111111111111111111111111000000000011111111111111111110000000000111111111111111111111111111111111111111111111111010101
0000110101111111111111111111000000000001111111111111111111111111111000000000011111111111111111110000000000111111111111111111111111111111111111111111011101010101
0000011101111111111111111111000000000001111111111111111111111111111000000000011111111111111111110000000000111111111111111111111111111111111111111111111101010101
0000011101011111111111111111000000000001111111111111111111111111111000000000011111111111111111110000000000011111111111111111111111111111111111111111111111010101
0000010101010111111111111111000000000001111111111111111111111111111000000000011111111111111111110000000000011111111111111111111111111111111111111111111111010101
0000010101010111111111111111000000000001111111111111111111111111111000000000011111111111111111110000000000011111111111111111111111111111111111111111111101010101
0000010101010111111111111111000000000001111111111111111111111111111000000000011111111111111111110000000000011111111111111111111111111111111111111111111111010101
0000010101010111111111111111000000000001111111111111111111111111111000000000011111111111111111110000000000011111111111111111111111111111111111111111111111010101
0000010101010111111111111111000000000001111111111111111111111111111000000000011111111111111111110000000000011111111111111111111111111111111111111111111111010101
0000010101011111111111111111000000000001111111111111111111111111111000000000011111111111111111110000000000011111111111111111111111111111111111111111111111010101
0000010101010111111111111111000000000001111111111111111111111111110000000000001111111111111111110000000000011111111111111111111111111111111111111111111111010101
0000010101010111111111111111000000000000000000011111111111000000000000000000000000000001111111110000000000011111111111111111111111111111111111111111111111010101
0000010101010111111111111111000000000000000000000111111111000000000000000000000000000001111111110000000000011111111111111111111111111111111111111111111111010101
0000010101010101111111111111000000000000000000000111111110000000000000000000000000000001111111110000000000011111111111111111111111111111111111111111111111010101
0000000101010101111111111111000000000000000000000111111110000000000000000000000000000001111111110000000000011111111111111111111111111111111111111111111101010101
0000000101010101111111111111000000000000000000000111111110000000000000000000000000000001111111110000000000011111111111111111111111111111111111111111111101010101
0000000101010101011111111111000000000000000000000111111110000000000000000000000000000001111111110000000000011111111111111111111111111111111111111111111111010100
0000000101010101010111111111000000000000000000000111111110000000000000000000000000000001111111110000000000011111111111111111111111111111111111111111111101010101
0000000101010101010111111111000000000000000000000111111110000000000000000000000000000001111111110000000000011111111111111111111111111111111111111111110101010101
0000000101010101010111111111000000000000000000000111111110000000000000000000000000000000111111110000000000011111111111111111111111111111111111111111110101010100
0000000101010101010101111111000000000000000000000001010100000000000000000000000000000000000000000000000000011111111111111111111111111111111111111111110101010100
0000000100010101010101111111000000000000000000000000000000000000000000000000000000000000000000000000000000011111111111111111111111111111111111111111110101010100
0000000100010101010101111111000000000000000000000000000000000000000000000000000000000000000000000000000000011111111111111111111111111111111111111101110101010100
0000000100010101010101011111000000000000000000000000000000000000000000000000000000000000000000000000000000011111111111111111111111111111111111111111010101010100
0000000100000101010101010111000000000000000000000000000000000000000000000000000000000000000000000000000000011111111111111111111111111111111111111101010101010000
0000000100000101010101010111000000000000000000000000000000000000000000000000000000000000000000000000000000011111111111111111111111111111111111110101010101010000
0000000100000001010101010101000000000000000000000000000000000000000000000000000000000000000000000000000000011111111111111111111111111111111111010101010101010000
0000000100000000010101010101000000000000000000000000000000000000000000000000000000000000000000000000000000011111111111111111111111111111111111110101010100000000
0000000100000000010101010101000000000000000000000000000000000000000000000000000000000000000000000000000000011111111111111111111111111111111101010101010100000000
0000000100000000000101010101000000000000000000000000000000000000000000000000000000000000000000000000000000011111111111111111111111110111111101010101010100000000
0000000100000000000001010101000000000000000000000000000000000000000000000000000000000000000000000000000000011111111111111111111111011101110101010101010000000000
0000000100000000000001010101000000000000000000000000010101010101010101010111011101011111011111111111111111111111111111111111111101110111111101010101000000000000
0000000100000000000001010101010101010101111111111111111111111111111111111111111111111111111111111111111111111111111111111111110101110101011101010100000000000000
0000000100000000000000010101010101011111111111111111111111111111111111111111111111111111111111111111111111111111111111111111011101010101010101010000000000000000
0000000100000000000000010101010101010101111111111111111111111111111111111111111111111111111111111111111111111111111111111111110111010101010101010000000000000000
0000000100000000000000010101010101011101011111111111111111111111111111111111111111111111111111111111111111111111111101011101010101010101010101010100000000000000
0000000100000000000000000101010101010101111111111111111111111111111111111111111111111111111111111111111111111111111111110101010101010101010100000000000000000000
0000000100000000000000000001010101010101111111110111111111111111111111111111111111111111111111111111111111111111011101010101010101010101010000000000000000000000
0000000100000000000000000000010101010101110111111101111111111111111111111111111111111111111111111111111111111111011101010101010101010101000000000000000000000000
0000000000000000000000000000010101010101010101111111110111111111111111111111111111111111111111111111111111110111110101010101010101010101000000000000000000000000
0000000000000000000000000000000101010101010101010111011111011111111111111111111111111111111111011111111111110101010101010101010101010100000000000000000000000000
0000000000000000000000000000000101010101010101010101010101011111111111111111111101111111111101010101011101010101010101010101010101010100000000000000000000000000
0000000000000000000000000001000100010101010101010101010101011111111101111111111101110111110101010101010101010101010101010101010101010100000000000000000000000000
0000000000000000000000000000000000010101010101010101010101010111110101111111111101010101010101010101110111110101010101010101010101010000000000000000000000000000
0000000000000000000000000000000000010101010101010101010101010101010101010101010101010101010101010101010101010101010101010101010101010000000000000000000000000000
0000000000000000000000000000000000000001010101010101010101010101010101010101010101010101010101010101010101010101010101010101010101010000000000000000000000000000
0000000000000000000000000000000000000000010101010101010101010101010101010101010101010101010101010101010101010101010101010101010101000000000000000000000000000000
0000000000000000000000000000000000000000000101010101010101010101010101010101010101010101010101010101010101010101010101010101010101010000000000000000000000000000
0000000000000000000000000000000000000000000101010101010101010101010101010101010101010101010101010101010101010101010101010101010101000000000000000000000000000000
0000000000000000000000000000000000000000000000010101010101010101010101010101010101010101010101010101010101010101010101010101010100000000000000000000000000000000
0000000000000000000000000000000000000000000000010101010101010101010101010101010101010101010101010101010101010101010101010101010000000000000000000000000000000000
0000000000000000000000000000000000000000000000000101010101000001010101010101010101010101010101010101010101010101010101010001010000000000000000000000000000000000
0000000000000000000000000000000000000000000000000000000101000001000001010001010101010101010101010101010101000101010101000000000000000000000000000000000000000000
0000000000000000000000000000000000000000000000000000000100010000000000000000010101010101010101010101000000000000000000000000000000000000000000000000000000000000
0000000000000000000000000000000000000000000000000000000000000000000000000000000101010101010001000000000000000000000000000000000000000000000000000000000000000000
0000000000000000000000000000000000000000000000000000000000000000000000000000000000010101000001000000000000000000000000000000000000000000000000000000000000000000
0000000000000000000000000000000000000000000000000000000000000000000000000000000000000100000000000000000000000000000000000000000000000000000000000000000000000000
0000000000000000000000000000000000000000000000000000000000000000000000000000000000000100000000000000000000000000000000000000000000000000000000000000000000000000
0000000000000000000000000000000000000000000000000000000000000000000000000000000000000000000000000000000000000000000000000000000000000000000000000000000000000000
0000000000000000000000000000000000000000000000000000000000000000000000000000000000000000000000000000000000000000000000000000000000000000000000000000000000000000
0000000000000000000000000000000000000000000000000000000000000000000000000000000000000000000000000000000000000000000000000000000000000000000000000000000000000000
0000000000000000000000000000000000000000000000000000000000000000000000000000000000000000000000000000000000000000000000000000000000000000000000000000000000000000
0000000000000000000000000000000000000000000000000000000000000000000000000000000000000000000000000000000000000000000000000000000000000000000000000000000000000000
0000000000000000000000000000000000000000000000000000000000000000000000000000000000000000000000000000000000000000000000000000000000000000000000000000000000000000
0000000000000000000000000000000000000000000000000000000000000000000000000000000000000000000000000000000000000000000000000000000000000000000000000000000000000000
