2222000030000000000000000000000000000000000000000000000000000000000000000000000000000000000000000000000000000000000000000000000000000000000000000000000000405060
2222000030000000000000000000000000000000000000000000000000000000000000000000000000000000000000000000000000000000000000000000000000000000000000000000000010405060
2222000030000000000000000000000000000000000000000000000000000000000000000000000000000000000000000000000000000000000000000000000000000000000000000000000000405060
2222000030000000000000000000000000000000000000000000000000000000000000000000000000000000000000000000000000000000000000000000000000000000000000000000000000405060
2222000030000000000000000000000000000000000000000000000000000000000000000000000000000000000000000000000000000000000000000000000000000000000000000000000000405060
2222000000000000000000000000000000000000000000000000000000000000000000000000000000000000000000000000000000000000000000000000000000000000000000000000000000005060
2222000000000000000000000000000000000000000000000000000000000000000000000000000000000000000000000000000000000000000000000000000000000000000000000000000000805060
2222000000000000000000000000000000000000000000000000000000000000000000000000000000000000000000000000000000000000000000000000000000000000000000000000000000805060
2222000000000000000000000000000000000000000000000000000000000000000000000000000000000000000000000000000000000000000000000000000000000000000000000000000000805060
2222000000000000000000000000000000000000000000000000000000000000000000000000000000000000000000000000000000000000000000000000000000000000000000000000000000805060
2222000000000000000000000000000000000000000000000000000000900090909090999999999999999999999999999999999900000000000000000000000000000000000000000000000000005060
22220000000000000000000000000000909099999999999999999999999999999999999999999999999999999999999999999999900000000000000000000000000000000000000000000000001005060
22220000000000000000000000000099999999999999999999999999999999999999999999999999999999999999999999999999900000000000000000000000000000000000000000000000001000060
22220000000000000000000000000099999999999999999999999999999999999999999999999999999999999999999999999999900000000000000000000000000000000000000000000000001000060
2222000000000000000000000000009999999999999999999999999999999999999999999999999999999999999999999999999990000000000000000000000000000000000000000000000000000000
22220000000000000000000000000099999999999999999999999999999999999999999999999999999999999999999999999999900000000000000000000000000000000000000000000000000000110
22220000000000000000000000000099999999999999999999999999999999999999999999999999999999999999999999999999900000000000000000000000000000000000000000000000000000110
22220000000000000000000000000099999999999999999999999999999999999999999999999999999999999999999999999999900000000000000000000000000000000000000000000000000000110
22220000000000000000000000000099999999999999999999999999999999999999999999999999999999999999999999999999900000000000000000000000000000000000000000000000000000110
2222000000000000000000000000009999999999999999999999999999999999999999999999999990909999999999999999999990000000000000000000000000000000000000000000000000000000
2222000000000000000000000000009999999999999999999999999999900000000000000000000000000099999999999999999990000000000000000000000000000000000000000000000000000000
2222000000000000000000000000009999999999999999999999999999000000000000000000000000000099999999999999999990000000000000000000000000000000000000000000000000000000
2222000000000000000000000000009999999999999999999999999999000000000000000000000000000099999999999999999990000000000000000000000000000000000000000000000000000000
2222000000000000000000000000009999999999999999999999999999000000000000000000000000000099999999999999999990000000000000000000000000000000000000000000000000000000
2222000000000000000000000000009999999999999999999999999999000000000000000000000000000099999999999999999990000000000000000000000000000000000000000000000000000000
2222000000000000000000000000009999999999999999999999999999000000000000000000000000000099999999999999999990000000000000000000000000000000000000000000000000000000
2222000000000000000000000000009999999999999999999999999999000000000000000000000000000099999999999999999990000000000000000000000000000000000000000000000000000000
2222000000000000000000000000009999999999999999999999999999000000000000000000000000000099999999999999999990000000000000000000000000000000000000000000000000000000
2222000000000000000000000000099999999999999999999999999999900000000000000090000000000009999999999999999990000000000000000000000000000000000000000000000000000000
2222000000000000000000000000099999999999999999999990909099999999999999999999000000000000000000099999999990000000000000000000000000000000000000000000000000000000
2222000000000000000000000000099999999999999999999000000009999999999999999999900000000000000000009999999990000000000000000000000000000000000000000000000000000000
2222000000000000000000000000099999999999999999990000000009999999999999999999900000000000000000009999999990000000000000000000000000000000000000000000000000000000
2222000000000000000000000000099999999999999999990000000000999999999999999999900000000000000000009999999990000000000000000000000000000000000000000000000000000000
2222000000000000000000000000099999999999999999990000000000999999999999999999900000000000000000009999999990000000000000000000000000000000000000000000000000000000
2222000000000000000000000000099999999999999999990000000009999999999999999999900000000000000000009999999990000000000000000000000000000000000000000000000000000000
2222000000000000000000000000099999999999999999990000000009999999999999999999900000000000000000009999999990000000000000000000000000000000000000000000000000000000
2222000000000000000000000000099999999999999999990000000000999999999999999999900000000000000000099999999990000000000000000000000000000000000000000000000000000000
2222000000000000000000000000099999999999999999990000000000999999999999999999900000000000909090999999999990000000000000000000000000000000000000000000000000000000
2222000000000000000000000000099999999999999999900000000000000000009999999999900000000099999999999999999990000000000000000000000000000000000000000000000000000000
2222000000000000000000000000099999999990000000000000000000000000000999999999900000000099999999999999999990000000000000000000000000000000000000000000000000000000
2222000000000000000000000000099999999990000000000000000000000000000999999999900000000099999999999999999990000000000000000000000000000000000000000000000000000000
2222000000000000000000000000099999999990000000000000000000000000000999999999900000000099999999999999999990000000000000000000000000000000000000000000000000000000
2222000000000000000000000000099999999990000000000000000000000000000999999999900000000099999999999999999990000000000000000000000000000000000000000000000000000000
2222000000000000000000000000099999999990000000000000000000000000000999999999900000000099999999999999999999000000000000000000000000000000000000000000000000000000
2222000000000000000000000000099999999990000000000000000000000000000999999999900000000099999999999999999999000000000000000000000000000000000000000000000000000000
2222000000000000000000000000099999999990000000000000000000000000000999999999900000000099999999999999999999000000000000000000000000000000000000000000000000000000
2222000000000000000000000000099999999990000000000000000000000000000999999999900000000009999999999999999999000000000000000000000000000000000000000000000000000000
2222000000000000000000000000099999999990000000000000000000000000000999999999900000000000000000099999999999000000000000000000000000000000000000000000000000000000
2222000000000000000000000000099999999990000000000000000000000000000999999999900000000000000000009999999999000000000000000000000000000000000000000000000000000000
2222000000000000000000000000099999999990000000000000000000000000000999999999900000000000000000009999999999000000000000000000000000000000000000000000000000000000
2222000000000000000000000000099999999990000000000000000000000000000999999999900000000000000000009999999999000000000000000000000000000000000000000000000000000000
2222000000000000000000000000099999999990000000000000000000000000000999999999900000000000000000009999999999000000000000000000000000000000000000000000000000000000
2222000000000000000000000000099999999990000000000000000000000000000999999999900000000000000000009999999999000000000000000000000000000000000000000000000000000000
2222000000000000000000000000099999999990000000000000000000000000000999999999900000000000000000009999999999000000000000000000000000000000000000000000000000000000
2222000000000000000000000000099999999990000000000000000000000000000999999999900000000000000000009999999999000000000000000000000000000000000000000000000000000000
2222000000000000000000000000099999999990000000000000000000000000000999999999900000000000000000009999999999000000000000000000000000000000000000000000000000000000
2222000000000000000000000000099999999990000000000000000000000000000999999999900000000000000000009999999999000000000000000000000000000000000000000000000000000000
2222000000000000000000000000099999999990000000000000000000000000000999999999900000000000000000009999999999000000000000000000000000000000000000000000000000000000
2222000000000000000000000000099999999990000000000000000000000000000999999999900000000000000000009999999999000000000000000000000000000000000000000000000000000000
2222000000000000000000000000099999999990000000000000000000000000000999999999900000000000000000009999999999000000000000000000000000000000000000000000000000000000
2222000000000000000000000000099999999990000000000000000000000000000999999999900000000000000000009999999999000000000000000000000000000000000000000000000000000000
2222000000000000000000000000099999999990000000000000000000000000000999999999900000000000000000009999999999000000000000000000000000000000000000000000000000000000
2222000000000000000000000000099999999990000000000000000000000000000999999999900000000000000000009999999999000000000000000000000000000000000000000000000000000000
2222000000000000000000000000099999999990000000000000000000000000000999999999900000000000000000009999999999000000000000000000000000000000000000000000000000000000
2222000000000000000000000000999999999990000000000000000000000000000999999999900000000000000000009999999999000000000000000000000000000000000000000000000000000000
2222000000000000000000000000999999999990000000000000000000000000000999999999990000000000000000009999999999900000000000000000000000000000000000000000000000000000
2222000000000000000000000000099999999999909090900000000000009999999999999999999999999900000000009999999999900000000000000000000000000000000000000000000000000000
2222000000000000000000000000999999999999999999990000000000999999999999999999999999999990000000009999999999900000000000000000000000000000000000000000000000000000
2222000000000000000000000000999999999999999999990000000000999999999999999999999999999990000000009999999999900000000000000000000000000000000000000000000000000000
2222000000000000000000000000999999999999999999990000000000999999999999999999999999999990000000009999999999900000000000000000000000000000000000000000000000000010
2222000000000000000000000000999999999999999999990000000000999999999999999999999999999990000000009999999999900000000000000000000000000000000000000000000000000000
2222200020000000000000000000999999999999999999990000000000999999999999999999999999999990000000009999999999900000000000000000000000000000000000000000000000000000
2222000020000000000000000000999999999999999999990000000009999999999999999999999999999990000000009999999999900000000000000000000000000000000000000000000000000000
2222200020000000000000000000999999999999999999990000000000999999999999999999999999999990000000009999999999900000000000000000000000000000000000000000000000000000
2222200020000000000000000000999999999999999999999000000009999999999999999999999999999990000000009999999999900000000000000000000000000000000000000000000000000000
2222202020200000000000000000999999999999999999999000000099999999999999999999999999999999909999999999999999900000000000000000000000000000000000000000000000000000
22222020202000000000000000009999999999999999999999999999999999999999999999999999999999999999999999999999999000000000000000000000000000000000000000000000000000130
22222020202000000000000000009999999999999999999999999999999999999999999999999999999999999999999999999999999000000000000000000000000000000000000000000000000000130
22222020202000000000000000009999999999999999999999999999999999999999999999999999999999999999999999999999999000000000000000000000000000000000000000000000000000130
22222020202020000000000000009999999999999999999999999999999999999999999999999999999999999999999999999999999000000000000000000000000000000000000000000000000000130
222220202020200000000000000099999999999999999999999999999999999999999999999999999999999999999999999999999990000000000000000000000000000000000000000000000000130130
222220202020200000000000000099999999999999999999999999999999999999999999999999999999999999999999999999999990000000000000000000000000000000000000000000000000130130
222220202020200000000000000099999999999999999999999999999999999999999999999999999999999999999999999999999990000000000000000000000000000000000000000000000000130130
222220202020200000000000000099999999999999999999999999999999999999999999999999999999999999999999999999999990000000000000000000000000000000000000000000000000130130
2222202020202020000000000000999999999999999999999999999999999999999999999999999999999999999999999999999999900000000000000000000000000000000000000000000000130130130
2222222020202020200000000000999999999999999999999999999999999999999999999999999999999999999090909090909090000000000000000000000000000000000000000000000000130130130
2222222020202020200000000000009999909090909090909000909090900000000000000000000000000000000000000000000000000000000000000000000000000000000000000000000000130130130
2222222020202020201000000000000000000000000000000000000000000000000000000000000000000000000000000000000000000000000000000000000000000000000000000000000000130130130
2222222020202020200000000000000000000000000000000000000000000000000000000000000000000000000000000000000000000000000000000000000000000000000000000000000000130130130
2222222020202020202000000000000000000000000000000000000000000000000000000000000000000000000000000000000000000000000000000000000000000000000000000000000000130130130
22222220202020202020200000000000000000000000000000000000000000000000000000000000000000000000000000000000000000000000000000000000000000000000000000000013000130130130
2222222020202020202020200000000000000000000000000000000000000000000000000000000000000000000000000000000000000000000000000000000000000000000000000000130130130130130130
22222220202220202020202000000000000000000000000000000000000000000000000000000000000000000000000000000000000000000000000000000000000000000000000000001301301301301301313
222222202220202020202020201500000000000000000000000000000000000000000000000000000000000000000000000000000000000000000000000000000000000000000000013000130130131313013131313
222222202222202020202020201502020000000000000000000000000000000000000000000000000000000000000000000000000000000000000000000000000000000000000000013013013013013013013131313
22222220222222202020202020002020000000000000000000000000000000000000000000000000000000000000000000000000000000000000000000000000000000000000001301301301301301313131313131313
222222202220202020202020202020200000000000000000000000000000000000000000000000000000000000000000000000000000000000000000000000000000000000000013013013013013131313131313131313
2222222022222020202020202020202020000000000000000000000000000000000000000000000000000000000000000000000000000000000000000000000000001300010000013013013013013131313131313131313
2222222022222220202020202020202020000000000000000000000000000000000000000000000000000000000000000000000000000000000000000000000000001301300010130130130130131313131313131313131313
222222202222222220202020202020202000000000000000000000000000000000000000000000000000000000000000000000000000000000000000000000000000130130000013013013131313131313131313131313131313
22222220222222222020202020202020202000000000000000000000000000000000000000000000000000000000000000000000000000000000000000000000001301301301301301301301301313131313131313131313131313
22222220222222222020202020202020202020000000000000000000000000000000000000000000000000000000000000000000000000000000000000000000001301301301301301301301301313131313131313131313131313
2222222022222222222020202020202020202000000000000000000000000000000000000000000000000000000000000000000000000000000000000000001800013013013013013013013013131313131313131313131313131313
222222202222222222222220202020202020202020000000000000000000000000000000000000000000000000000000000000000000000000000000000000180130130130130130130130131313131313131313131313131313131313
222222202222222222222220202020202020202020100000000000202000000000000000000000000000000000000000000000000000000000000000000013000130130130130130130130131313131313131313131313131313131313
222222202222222222222220202020202020202020002000202002102020000000000000000000000000000000000000000000000000001300000000000130001301301301301301301301301313131313131313131313131313131313131313
222222202222222222222220202020202020202020202020202002102020200000000000000000000022000000000100000000000001301301300013000130001301301301301301301301301301301313131313131313131313131313131313131313
2222222022222222222222222020202020202020202020202000002020200000000000000000001022022000000000000013013013013013013013013013013013013013013013013013013013013013013131313131313131313131313131313131313131313
22222222222222222222222222202220202020202020202020202020202000200020000000000000220220250260270280290300130130130130130130130130130130130130130130130130130130130130131313131313131313131313131313131313131313131313
222222222222222222222222222222202020202020202020202020202020202020200020200000220220220250260270280290300130130130130130130130130130130130130130130130130130130130130131313131313131313131313131313131313131313131313
22222222222222222222222222222222202020202020202020202020202020202020202020002202202202202502602702802903001301301301301301301301301301301301301301301301301301301301313131313131313131313131313131313131313131313131313
222222222222222222222222222222222022202020202020202020202020202020202020202022022022022025026027028029030013013013013013013013013013013013013013013013013013013131301313131313131313131313131313131313131313131313131313
2222222222222222222222222222222222222020202020202020202020202020202020202020220220220220250260270280290300130130130130130130130130130130130130130130130130130131313131313131313131313131313131313131313131313131313131313
22222222222222222222222222222222222222202020202020202020202020202020202020202202202202202502602702802903001301301301301301301301301301301301301301301301301313131313131313131313131313131313131313131313131313131313131313
2222222222222222222222222222222222222222202220202020202020202020202020202020220220220220250260270280290300130130130130130130130130130130130130130130131313131313131313131313131313131313131313131313131313131313131313131313
2222222222222222222222222222222222222222222220222020202020202020202020202020220220220220250260270280290300130130130130130130130130130130130131313131313131313131313131313131313131313131313131313131313131313131313131313131313
2222222222222222222222222222222222222222222222222020202020202020202020202020220220220220250260270280290300130130130130130130130130130130130131313131313131313131313131313131313131313131313131313131313131313131313131313131313
222222222222222222222222222222222222222222222222222220222022222220222020222022222202202202502602702802903001301301301313131313013013131301301313131313131313131313131313131313131313131313131313131313131313131313131313131313131313
22222222222222222222222222222222222222222222222222222222202222222222202022202222220220220250260270280290300130130130130131313131301313131313131313131313131313131313131313131313131313131313131313131313131313131313131313131313131313
22222222222222222222222222222222222222222222222222222222222222222222222222202202222222222025026027028029030013131313131313131313131313131313131313131313131313131313131313131313131313131313131313131313131313131313131313131313131313131313
